Kitchen: 4.55276,-4.66242
Bathroom: 0.972248,-0.0145493
Kitchen: 4.19409,-0.0245209
Living room: 0.0111389,-0.00934601
Living room: 1.10419,-0.0139656
Bathroom: 6.55964,-0.156677
Kitchen: 4.45147,-4.41551
Living room: 0.524738,-0.0124588
Bathroom: 6.21569,-0.0461121
